DBPedia:
trans:0.03229303006589987
inv:0.003363577301160723
symm:7.659172516304325E-4


Wordnet:
trans: 0.07437941003379382
inv:0
symm:0.0030271109007844778
